{
 "cells": [
  {
   "cell_type": "code",
   "execution_count": 17,
   "metadata": {},
   "outputs": [],
   "source": [
    "import numpy as np\n",
    "import scipy as sc\n",
    "import math\n",
    "from numpy import linalg\n",
    "from numpy.linalg import solve, inv, qr, svd\n",
    "import random"
   ]
  },
  {
   "cell_type": "code",
   "execution_count": 18,
   "metadata": {},
   "outputs": [],
   "source": [
    "# Create the the matrices U, epsilon, and V for a well-behaved case and a case with a broad range of singular values\n",
    "QR_1 = np.zeros(shape=(80,80))\n",
    "QR_2 = np.zeros(shape=(80,80))\n",
    "well_behaved = np.zeros(shape=(80,80))\n",
    "broad_range = np.zeros(shape=(80,80))\n",
    "\n",
    "for i in range(80):\n",
    "    for j in range(80):\n",
    "        if i == j:\n",
    "            well_behaved[i][j] = random.randint(1,9)\n",
    "            broad_range[i][j] = pow(2, -i)\n",
    "        else:\n",
    "            well_behaved[i][j] = 0\n",
    "            broad_range[i][j] = 0\n",
    "        QR_1[i][j] = random.randint(-10,10)\n",
    "        QR_2[i][j] = random.randint(-10,10)\n",
    "\n",
    "U_1, V_1 = linalg.qr(QR_1)\n",
    "U_2, V_2 = linalg.qr(QR_2)"
   ]
  },
  {
   "cell_type": "code",
   "execution_count": 19,
   "metadata": {},
   "outputs": [],
   "source": [
    "# Find the  matrix A_1 for the well-behaved range of singular values\n",
    "UE_1 = np.matmul(U_1, well_behaved)\n",
    "A_1 = np.matmul(UE_1, V_1)\n",
    "\n",
    "# Find the matrix A_2 for the broad range of singular values\n",
    "UE_2 = np.matmul(U_2, broad_range)\n",
    "A_2 = np.matmul(UE_2, V_2)"
   ]
  },
  {
   "cell_type": "code",
   "execution_count": 20,
   "metadata": {},
   "outputs": [
    {
     "name": "stdout",
     "output_type": "stream",
     "text": [
      "(array([[-0.06570634, -0.10323801, -0.16981314, ...,  0.07238921,\n",
      "         0.05808999,  0.02013911],\n",
      "       [-0.14783927, -0.04588516,  0.14813165, ...,  0.0910087 ,\n",
      "         0.13103623, -0.14468716],\n",
      "       [-0.16426585, -0.15158053, -0.09375036, ...,  0.04013393,\n",
      "        -0.23859833,  0.02366812],\n",
      "       ...,\n",
      "       [-0.04927976,  0.1622291 ,  0.17013051, ...,  0.03039022,\n",
      "         0.16537194,  0.24306784],\n",
      "       [-0.09855951, -0.15485701, -0.09547487, ...,  0.01101639,\n",
      "         0.02679807,  0.22559076],\n",
      "       [ 0.01642659, -0.0895812 , -0.03131799, ...,  0.11987773,\n",
      "        -0.05144755, -0.05417927]]), array([[ 6.08769250e+01,  2.80894608e+00,  1.62623194e+00, ...,\n",
      "         3.81096778e+00,  7.40838996e+00,  6.22567582e+00],\n",
      "       [ 0.00000000e+00,  2.25321453e+02,  1.14632318e+01, ...,\n",
      "         2.11108312e+01,  8.45179749e-02, -3.94015479e+00],\n",
      "       [ 0.00000000e+00,  0.00000000e+00,  2.82583727e+02, ...,\n",
      "        -2.58615754e+01, -3.14162034e+01,  2.08520976e+01],\n",
      "       ...,\n",
      "       [ 0.00000000e+00,  0.00000000e+00,  0.00000000e+00, ...,\n",
      "        -1.31627623e+01,  6.72479083e+00, -5.83913814e+00],\n",
      "       [ 0.00000000e+00,  0.00000000e+00,  0.00000000e+00, ...,\n",
      "         0.00000000e+00, -9.66183121e+01, -3.08723196e-01],\n",
      "       [ 0.00000000e+00,  0.00000000e+00,  0.00000000e+00, ...,\n",
      "         0.00000000e+00,  0.00000000e+00,  8.61762915e+00]]))\n",
      "(array([[-0.03873468, -0.08908268,  0.17685073, ...,  0.07991581,\n",
      "         0.05733789,  0.01517353],\n",
      "       [-0.03873468, -0.12965227, -0.10546979, ..., -0.1324327 ,\n",
      "        -0.14724257,  0.15730081],\n",
      "       [ 0.09683669, -0.11199248, -0.12955977, ..., -0.1063304 ,\n",
      "         0.14096855,  0.07890562],\n",
      "       ...,\n",
      "       [ 0.1549387 , -0.04936525,  0.11188807, ..., -0.00347932,\n",
      "        -0.02222802, -0.18778154],\n",
      "       [-0.07746935,  0.02468263, -0.16413699, ...,  0.15583658,\n",
      "         0.05184883,  0.03044438],\n",
      "       [ 0.17430604, -0.1569599 , -0.05248656, ..., -0.21616724,\n",
      "         0.06780378, -0.12582428]]), array([[ 5.16333226e+01,  1.57069110e+01, -1.37508098e+00, ...,\n",
      "         4.99677315e+00,  1.20077494e+00,  6.56552751e+00],\n",
      "       [ 0.00000000e+00,  2.46490007e+01, -4.23345484e+00, ...,\n",
      "         3.17980567e+00,  1.62419906e+00, -2.03988144e+00],\n",
      "       [ 0.00000000e+00,  0.00000000e+00, -1.38641187e+01, ...,\n",
      "        -1.45933015e+00, -1.98423655e+00, -1.21935784e+00],\n",
      "       ...,\n",
      "       [ 0.00000000e+00,  0.00000000e+00,  0.00000000e+00, ...,\n",
      "         2.81101393e-16, -3.18576001e-17,  2.07570252e-16],\n",
      "       [ 0.00000000e+00,  0.00000000e+00,  0.00000000e+00, ...,\n",
      "         0.00000000e+00,  1.78506195e-16,  6.37916548e-16],\n",
      "       [ 0.00000000e+00,  0.00000000e+00,  0.00000000e+00, ...,\n",
      "         0.00000000e+00,  0.00000000e+00,  2.55225854e-16]]))\n"
     ]
    }
   ],
   "source": [
    "print(linalg.qr(A_1))\n",
    "print(linalg.qr(A_2))"
   ]
  },
  {
   "cell_type": "code",
   "execution_count": 23,
   "metadata": {},
   "outputs": [
    {
     "name": "stdout",
     "output_type": "stream",
     "text": [
      "[[-0.06570634 -0.10404904 -0.17385808 ... -0.03377337 -0.02654624\n",
      "  -0.01868784]\n",
      " [-0.14783927 -0.04772447  0.14615008 ... -0.0530505   0.17248871\n",
      "  -0.12673775]\n",
      " [-0.16426585 -0.15361639 -0.09981724 ...  0.31669424 -0.23911271\n",
      "   0.31094098]\n",
      " ...\n",
      " [-0.04927976  0.1616022   0.17656625 ...  0.04418977 -0.15236059\n",
      "   0.0711559 ]\n",
      " [-0.09855951 -0.15607356 -0.10167315 ... -0.14471131  0.15608248\n",
      "  -0.16158755]\n",
      " [ 0.01642659 -0.08936947 -0.0349232  ...  0.02904676  0.00809194\n",
      "   0.03819547]]\n",
      "[[ 6.08769250e+01  0.00000000e+00  1.62623194e+00 ...  3.81096778e+00\n",
      "   7.40838996e+00  6.22567582e+00]\n",
      " [ 0.00000000e+00  2.25338961e+02  0.00000000e+00 ...  2.11566963e+01\n",
      "   1.76860143e-01 -3.86224296e+00]\n",
      " [ 0.00000000e+00  0.00000000e+00  2.82816139e+02 ... -2.49846492e+01\n",
      "  -3.13869605e+01  2.06752577e+01]\n",
      " ...\n",
      " [ 0.00000000e+00  0.00000000e+00  0.00000000e+00 ...  3.54306907e+02\n",
      "   0.00000000e+00 -4.87735958e+01]\n",
      " [ 0.00000000e+00  0.00000000e+00  0.00000000e+00 ...  0.00000000e+00\n",
      "   4.81134361e+02  0.00000000e+00]\n",
      " [ 0.00000000e+00  0.00000000e+00  0.00000000e+00 ...  0.00000000e+00\n",
      "   0.00000000e+00  9.98931108e+02]]\n"
     ]
    }
   ],
   "source": [
    "# Classical Gram-Schmidt using well behaved matrix A_1\n",
    "\n",
    "a, b = A_1.shape\n",
    "Q = np.zeros(shape=(b, b))\n",
    "R = np.zeros(shape=(b, b))\n",
    "\n",
    "R[0, 0] = np.linalg.norm(A_1[:, 0])\n",
    "Q[:, 0] = A_1[:, 0] / R[0, 0]\n",
    "\n",
    "for k in range(1, b):\n",
    "    R[:k - 1, k] = np.dot(Q[:, :k-1].T, A_1[:, k])\n",
    "    Q[:, k] = A_1[:, k] - np.dot(Q[:, :k-1], R[:k-1, k])\n",
    "    R[k, k] = np.linalg.norm(Q[:, k])\n",
    "    Q[:, k] /= R[k, k]\n",
    "\n",
    "print(Q)\n",
    "print(R)\n"
   ]
  },
  {
   "cell_type": "code",
   "execution_count": 22,
   "metadata": {},
   "outputs": [
    {
     "name": "stdout",
     "output_type": "stream",
     "text": [
      "[[-0.03873468 -2.19579895 -2.07475209 ... -0.54571299 -0.54674732\n",
      "   0.02063135]\n",
      " [-0.03873468 -3.19579895  2.01112269 ... -0.19048716  0.06773541\n",
      "   0.43395984]\n",
      " [ 0.09683669 -2.76050263  2.27034712 ... -0.17599676  0.1152419\n",
      "   0.3190703 ]\n",
      " ...\n",
      " [ 0.1549387  -1.2168042  -1.3422439  ... -0.24435712 -0.32090433\n",
      "   0.08884874]\n",
      " [-0.07746935  0.6084021   2.17112195 ...  0.46382432  0.48298159\n",
      "   0.20183198]\n",
      " [ 0.17430604 -3.86890473  1.39216256 ... -0.34851821 -0.10249961\n",
      "   0.43331026]]\n",
      "[[51.63332257 15.70691096 -1.37508098 ...  4.99677315  1.20077494\n",
      "   6.56552751]\n",
      " [ 0.          0.          0.         ...  0.          0.\n",
      "   0.        ]\n",
      " [ 0.          0.          0.         ...  0.          0.\n",
      "   0.        ]\n",
      " ...\n",
      " [ 0.          0.          0.         ...  0.          0.\n",
      "   0.        ]\n",
      " [ 0.          0.          0.         ...  0.          0.\n",
      "   0.        ]\n",
      " [ 0.          0.          0.         ...  0.          0.\n",
      "   0.        ]]\n",
      "[[-0.03873468 -0.08908268 -2.45187957 ... -0.26244739 -0.40205932\n",
      "  -0.16108675]\n",
      " [-0.03873468 -0.12965227  1.46224565 ...  0.22178187  0.27831651\n",
      "   0.16948458]\n",
      " [ 0.09683669 -0.11199248  1.79623203 ...  0.18011755  0.29713998\n",
      "   0.09061893]\n",
      " ...\n",
      " [ 0.1549387  -0.04936525 -1.55122947 ... -0.0873852  -0.24072533\n",
      "  -0.01185052]\n",
      " [-0.07746935  0.02468263  2.27561474 ...  0.38533836  0.44289209\n",
      "   0.25218161]\n",
      " [ 0.17430604 -0.1569599   0.7276799  ...  0.15058378  0.15243452\n",
      "   0.11313068]]\n",
      "[[51.63332257 15.70691096 -1.37508098 ...  4.99677315  1.20077494\n",
      "   6.56552751]\n",
      " [ 0.         24.64900073 -4.23345484 ...  3.17980567  1.62419906\n",
      "  -2.03988144]\n",
      " [ 0.          0.          0.         ...  0.          0.\n",
      "   0.        ]\n",
      " ...\n",
      " [ 0.          0.          0.         ...  0.          0.\n",
      "   0.        ]\n",
      " [ 0.          0.          0.         ...  0.          0.\n",
      "   0.        ]\n",
      " [ 0.          0.          0.         ...  0.          0.\n",
      "   0.        ]]\n",
      "[[-0.03873468 -0.08908268 -0.17685073 ... -0.00436378 -0.05114563\n",
      "   0.05455758]\n",
      " [-0.03873468 -0.12965227  0.10546979 ...  0.06786663  0.0690395\n",
      "   0.04087916]\n",
      " [ 0.09683669 -0.11199248  0.12955977 ... -0.00895293  0.04006275\n",
      "  -0.0673608 ]\n",
      " ...\n",
      " [ 0.1549387  -0.04936525 -0.11188807 ...  0.07589643 -0.01871293\n",
      "   0.12458107]\n",
      " [-0.07746935  0.02468263  0.16413699 ...  0.1458083   0.11720548\n",
      "   0.05203988]\n",
      " [ 0.17430604 -0.1569599   0.05248656 ...  0.07398856  0.04828877\n",
      "   0.04913078]]\n",
      "[[51.63332257 15.70691096 -1.37508098 ...  4.99677315  1.20077494\n",
      "   6.56552751]\n",
      " [ 0.         24.64900073 -4.23345484 ...  3.17980567  1.62419906\n",
      "  -2.03988144]\n",
      " [ 0.          0.         13.86411869 ...  1.45933015  1.98423655\n",
      "   1.21935784]\n",
      " ...\n",
      " [ 0.          0.          0.         ...  0.          0.\n",
      "   0.        ]\n",
      " [ 0.          0.          0.         ...  0.          0.\n",
      "   0.        ]\n",
      " [ 0.          0.          0.         ...  0.          0.\n",
      "   0.        ]]\n",
      "[[-0.03873468 -0.08908268 -0.17685073 ... -0.02525877 -0.05881363\n",
      "   0.03800241]\n",
      " [-0.03873468 -0.12965227  0.10546979 ...  0.01929744  0.05121569\n",
      "   0.00239765]\n",
      " [ 0.09683669 -0.11199248  0.12955977 ...  0.02436055  0.05228806\n",
      "  -0.04096642]\n",
      " ...\n",
      " [ 0.1549387  -0.04936525 -0.11188807 ... -0.02591707 -0.05607623\n",
      "   0.04391393]\n",
      " [-0.07746935  0.02468263  0.16413699 ...  0.02873867  0.07424352\n",
      "  -0.04071473]\n",
      " [ 0.17430604 -0.1569599   0.05248656 ...  0.01477579  0.026559\n",
      "   0.00221633]]\n",
      "[[51.63332257 15.70691096 -1.37508098 ...  4.99677315  1.20077494\n",
      "   6.56552751]\n",
      " [ 0.         24.64900073 -4.23345484 ...  3.17980567  1.62419906\n",
      "  -2.03988144]\n",
      " [ 0.          0.         13.86411869 ...  1.45933015  1.98423655\n",
      "   1.21935784]\n",
      " ...\n",
      " [ 0.          0.          0.         ...  0.          0.\n",
      "   0.        ]\n",
      " [ 0.          0.          0.         ...  0.          0.\n",
      "   0.        ]\n",
      " [ 0.          0.          0.         ...  0.          0.\n",
      "   0.        ]]\n",
      "[[-0.03873468 -0.08908268 -0.17685073 ... -0.00772972 -0.02575253\n",
      "  -0.01492042]\n",
      " [-0.03873468 -0.12965227  0.10546979 ...  0.01595735  0.04491603\n",
      "   0.01248189]\n",
      " [ 0.09683669 -0.11199248  0.12955977 ...  0.0113538   0.02775635\n",
      "  -0.00169709]\n",
      " ...\n",
      " [ 0.1549387  -0.04936525 -0.11188807 ... -0.00536577 -0.01731494\n",
      "  -0.01813352]\n",
      " [-0.07746935  0.02468263  0.16413699 ...  0.00863221  0.03632123\n",
      "   0.01998969]\n",
      " [ 0.17430604 -0.1569599   0.05248656 ...  0.01315911  0.0235098\n",
      "   0.00709735]]\n",
      "[[51.63332257 15.70691096 -1.37508098 ...  4.99677315  1.20077494\n",
      "   6.56552751]\n",
      " [ 0.         24.64900073 -4.23345484 ...  3.17980567  1.62419906\n",
      "  -2.03988144]\n",
      " [ 0.          0.         13.86411869 ...  1.45933015  1.98423655\n",
      "   1.21935784]\n",
      " ...\n",
      " [ 0.          0.          0.         ...  0.          0.\n",
      "   0.        ]\n",
      " [ 0.          0.          0.         ...  0.          0.\n",
      "   0.        ]\n",
      " [ 0.          0.          0.         ...  0.          0.\n",
      "   0.        ]]\n",
      "[[-0.03873468 -0.08908268 -0.17685073 ... -0.00561258 -0.00281929\n",
      "   0.00075378]\n",
      " [-0.03873468 -0.12965227  0.10546979 ...  0.01275382  0.01021477\n",
      "  -0.01123541]\n",
      " [ 0.09683669 -0.11199248  0.12955977 ...  0.00956828  0.00841526\n",
      "  -0.01491616]\n",
      " ...\n",
      " [ 0.1549387  -0.04936525 -0.11188807 ... -0.00373141  0.00038881\n",
      "  -0.00603353]\n",
      " [-0.07746935  0.02468263  0.16413699 ...  0.00560727  0.00355448\n",
      "  -0.00240543]\n",
      " [ 0.17430604 -0.1569599   0.05248656 ...  0.0115595   0.00618254\n",
      "  -0.00474533]]\n",
      "[[51.63332257 15.70691096 -1.37508098 ...  4.99677315  1.20077494\n",
      "   6.56552751]\n",
      " [ 0.         24.64900073 -4.23345484 ...  3.17980567  1.62419906\n",
      "  -2.03988144]\n",
      " [ 0.          0.         13.86411869 ...  1.45933015  1.98423655\n",
      "   1.21935784]\n",
      " ...\n",
      " [ 0.          0.          0.         ...  0.          0.\n",
      "   0.        ]\n",
      " [ 0.          0.          0.         ...  0.          0.\n",
      "   0.        ]\n",
      " [ 0.          0.          0.         ...  0.          0.\n",
      "   0.        ]]\n",
      "[[-3.87346756e-02 -8.90826762e-02 -1.76850734e-01 ... -4.19521157e-03\n",
      "  -1.39174594e-03 -1.97037364e-03]\n",
      " [-3.87346756e-02 -1.29652272e-01  1.05469787e-01 ...  5.85452422e-03\n",
      "   3.26598342e-03  2.02485973e-03]\n",
      " [ 9.68366890e-02 -1.11992476e-01  1.29559770e-01 ...  1.15561495e-03\n",
      "  -5.77532934e-05  1.25277571e-03]\n",
      " ...\n",
      " [ 1.54938702e-01 -4.93652548e-02 -1.11888069e-01 ... -5.97615203e-03\n",
      "  -1.87204001e-03 -1.71917762e-03]\n",
      " [-7.74693512e-02  2.46826274e-02  1.64136992e-01 ...  3.98039392e-03\n",
      "   1.91593727e-03  7.21383849e-04]\n",
      " [ 1.74306040e-01 -1.56959901e-01  5.24865604e-02 ...  7.65417682e-03\n",
      "   2.24920715e-03  2.76060517e-03]]\n",
      "[[51.63332257 15.70691096 -1.37508098 ...  4.99677315  1.20077494\n",
      "   6.56552751]\n",
      " [ 0.         24.64900073 -4.23345484 ...  3.17980567  1.62419906\n",
      "  -2.03988144]\n",
      " [ 0.          0.         13.86411869 ...  1.45933015  1.98423655\n",
      "   1.21935784]\n",
      " ...\n",
      " [ 0.          0.          0.         ...  0.          0.\n",
      "   0.        ]\n",
      " [ 0.          0.          0.         ...  0.          0.\n",
      "   0.        ]\n",
      " [ 0.          0.          0.         ...  0.          0.\n",
      "   0.        ]]\n",
      "[[-3.87346756e-02 -8.90826762e-02 -1.76850734e-01 ...  4.86224282e-04\n",
      "   1.63269400e-04 -3.12376783e-04]\n",
      " [-3.87346756e-02 -1.29652272e-01  1.05469787e-01 ...  2.84003037e-03\n",
      "   2.26467008e-03  9.57234013e-04]\n",
      " [ 9.68366890e-02 -1.11992476e-01  1.29559770e-01 ... -5.90448302e-04\n",
      "  -6.37736703e-04  6.34382665e-04]\n",
      " ...\n",
      " [ 1.54938702e-01 -4.93652548e-02 -1.11888069e-01 ... -2.81222777e-03\n",
      "  -8.21090919e-04 -5.98629007e-04]\n",
      " [-7.74693512e-02  2.46826274e-02  1.64136992e-01 ...  3.49954422e-04\n",
      "   7.10027533e-04 -5.64387752e-04]\n",
      " [ 1.74306040e-01 -1.56959901e-01  5.24865604e-02 ...  1.17586738e-03\n",
      "   9.73309229e-05  4.66220060e-04]]\n",
      "[[51.63332257 15.70691096 -1.37508098 ...  4.99677315  1.20077494\n",
      "   6.56552751]\n",
      " [ 0.         24.64900073 -4.23345484 ...  3.17980567  1.62419906\n",
      "  -2.03988144]\n",
      " [ 0.          0.         13.86411869 ...  1.45933015  1.98423655\n",
      "   1.21935784]\n",
      " ...\n",
      " [ 0.          0.          0.         ...  0.          0.\n",
      "   0.        ]\n",
      " [ 0.          0.          0.         ...  0.          0.\n",
      "   0.        ]\n",
      " [ 0.          0.          0.         ...  0.          0.\n",
      "   0.        ]]\n",
      "[[-3.87346756e-02 -8.90826762e-02 -1.76850734e-01 ...  4.71663471e-04\n",
      "  -9.09353010e-06 -4.00290571e-04]\n",
      " [-3.87346756e-02 -1.29652272e-01  1.05469787e-01 ...  2.73227393e-03\n",
      "   9.89108152e-04  3.06633097e-04]\n",
      " [ 9.68366890e-02 -1.11992476e-01  1.29559770e-01 ... -4.70238265e-04\n",
      "   7.85244038e-04  1.36017461e-03]\n",
      " ...\n",
      " [ 1.54938702e-01 -4.93652548e-02 -1.11888069e-01 ... -2.76568168e-03\n",
      "  -2.70103688e-04 -3.17597731e-04]\n",
      " [-7.74693512e-02  2.46826274e-02  1.64136992e-01 ...  3.81671763e-04\n",
      "   1.08548009e-03 -3.72888014e-04]\n",
      " [ 1.74306040e-01 -1.56959901e-01  5.24865604e-02 ...  1.12500510e-03\n",
      "  -5.04748888e-04  1.59128991e-04]]\n",
      "[[51.63332257 15.70691096 -1.37508098 ...  4.99677315  1.20077494\n",
      "   6.56552751]\n",
      " [ 0.         24.64900073 -4.23345484 ...  3.17980567  1.62419906\n",
      "  -2.03988144]\n",
      " [ 0.          0.         13.86411869 ...  1.45933015  1.98423655\n",
      "   1.21935784]\n",
      " ...\n",
      " [ 0.          0.          0.         ...  0.          0.\n",
      "   0.        ]\n",
      " [ 0.          0.          0.         ...  0.          0.\n",
      "   0.        ]\n",
      " [ 0.          0.          0.         ...  0.          0.\n",
      "   0.        ]]\n",
      "[[-3.87346756e-02 -8.90826762e-02 -1.76850734e-01 ...  9.33470747e-04\n",
      "   2.02772469e-04 -1.00439516e-05]\n",
      " [-3.87346756e-02 -1.29652272e-01  1.05469787e-01 ...  2.21673422e-03\n",
      "   7.52591012e-04 -1.29019695e-04]\n",
      " [ 9.68366890e-02 -1.11992476e-01  1.29559770e-01 ... -1.45129400e-03\n",
      "   3.35159415e-04  5.31141151e-04]\n",
      " ...\n",
      " [ 1.54938702e-01 -4.93652548e-02 -1.11888069e-01 ... -1.98662156e-03\n",
      "   8.73102367e-05  3.40740917e-04]\n",
      " [-7.74693512e-02  2.46826274e-02  1.64136992e-01 ...  1.33772990e-03\n",
      "   1.52409642e-03  4.35021420e-04]\n",
      " [ 1.74306040e-01 -1.56959901e-01  5.24865604e-02 ...  5.69350717e-04\n",
      "  -7.59669669e-04 -3.10422391e-04]]\n",
      "[[51.63332257 15.70691096 -1.37508098 ...  4.99677315  1.20077494\n",
      "   6.56552751]\n",
      " [ 0.         24.64900073 -4.23345484 ...  3.17980567  1.62419906\n",
      "  -2.03988144]\n",
      " [ 0.          0.         13.86411869 ...  1.45933015  1.98423655\n",
      "   1.21935784]\n",
      " ...\n",
      " [ 0.          0.          0.         ...  0.          0.\n",
      "   0.        ]\n",
      " [ 0.          0.          0.         ...  0.          0.\n",
      "   0.        ]\n",
      " [ 0.          0.          0.         ...  0.          0.\n",
      "   0.        ]]\n",
      "[[-3.87346756e-02 -8.90826762e-02 -1.76850734e-01 ...  6.12648582e-04\n",
      "  -1.44041170e-04 -6.81029444e-05]\n",
      " [-3.87346756e-02 -1.29652272e-01  1.05469787e-01 ...  1.07427600e-03\n",
      "  -4.82423688e-04 -3.35769665e-04]\n",
      " [ 9.68366890e-02 -1.11992476e-01  1.29559770e-01 ... -7.84454836e-04\n",
      "   1.05602269e-03  6.51818630e-04]\n",
      " ...\n",
      " [ 1.54938702e-01 -4.93652548e-02 -1.11888069e-01 ... -1.40758411e-03\n",
      "   7.13258524e-04  4.45528973e-04]\n",
      " [-7.74693512e-02  2.46826274e-02  1.64136992e-01 ...  4.69757310e-05\n",
      "   1.28771534e-04  2.01434421e-04]\n",
      " [ 1.74306040e-01 -1.56959901e-01  5.24865604e-02 ...  9.59971731e-04\n",
      "  -3.37402414e-04 -2.39731943e-04]]\n",
      "[[51.63332257 15.70691096 -1.37508098 ...  4.99677315  1.20077494\n",
      "   6.56552751]\n",
      " [ 0.         24.64900073 -4.23345484 ...  3.17980567  1.62419906\n",
      "  -2.03988144]\n",
      " [ 0.          0.         13.86411869 ...  1.45933015  1.98423655\n",
      "   1.21935784]\n",
      " ...\n",
      " [ 0.          0.          0.         ...  0.          0.\n",
      "   0.        ]\n",
      " [ 0.          0.          0.         ...  0.          0.\n",
      "   0.        ]\n",
      " [ 0.          0.          0.         ...  0.          0.\n",
      "   0.        ]]\n",
      "[[-3.87346756e-02 -8.90826762e-02 -1.76850734e-01 ...  2.25746646e-04\n",
      "   1.16071388e-04  1.13372137e-04]\n",
      " [-3.87346756e-02 -1.29652272e-01  1.05469787e-01 ...  1.64153219e-04\n",
      "   1.29448063e-04  9.11204358e-05]\n",
      " [ 9.68366890e-02 -1.11992476e-01  1.29559770e-01 ...  3.18123510e-04\n",
      "   3.14763868e-04  1.34657880e-04]\n",
      " ...\n",
      " [ 1.54938702e-01 -4.93652548e-02 -1.11888069e-01 ... -2.32738422e-04\n",
      "  -7.65853297e-05 -1.05528536e-04]\n",
      " [-7.74693512e-02  2.46826274e-02  1.64136992e-01 ...  1.88776234e-04\n",
      "   3.34396476e-05  1.34923361e-04]\n",
      " [ 1.74306040e-01 -1.56959901e-01  5.24865604e-02 ...  2.38089385e-04\n",
      "   1.47916077e-04  9.88645995e-05]]\n",
      "[[51.63332257 15.70691096 -1.37508098 ...  4.99677315  1.20077494\n",
      "   6.56552751]\n",
      " [ 0.         24.64900073 -4.23345484 ...  3.17980567  1.62419906\n",
      "  -2.03988144]\n",
      " [ 0.          0.         13.86411869 ...  1.45933015  1.98423655\n",
      "   1.21935784]\n",
      " ...\n",
      " [ 0.          0.          0.         ...  0.          0.\n",
      "   0.        ]\n",
      " [ 0.          0.          0.         ...  0.          0.\n",
      "   0.        ]\n",
      " [ 0.          0.          0.         ...  0.          0.\n",
      "   0.        ]]\n",
      "[[-3.87346756e-02 -8.90826762e-02 -1.76850734e-01 ...  1.96743649e-04\n",
      "   8.07645192e-05  1.04604570e-04]\n",
      " [-3.87346756e-02 -1.29652272e-01  1.05469787e-01 ...  8.84736426e-05\n",
      "   3.73193499e-05  6.82426021e-05]\n",
      " [ 9.68366890e-02 -1.11992476e-01  1.29559770e-01 ...  1.76016207e-04\n",
      "   1.41769203e-04  9.16990340e-05]\n",
      " ...\n",
      " [ 1.54938702e-01 -4.93652548e-02 -1.11888069e-01 ... -2.57854367e-04\n",
      "  -1.07160286e-04 -1.13121052e-04]\n",
      " [-7.74693512e-02  2.46826274e-02  1.64136992e-01 ...  2.48349907e-04\n",
      "   1.05961801e-04  1.52932402e-04]\n",
      " [ 1.74306040e-01 -1.56959901e-01  5.24865604e-02 ...  1.95099657e-04\n",
      "   9.55824287e-05  8.58688627e-05]]\n",
      "[[51.63332257 15.70691096 -1.37508098 ...  4.99677315  1.20077494\n",
      "   6.56552751]\n",
      " [ 0.         24.64900073 -4.23345484 ...  3.17980567  1.62419906\n",
      "  -2.03988144]\n",
      " [ 0.          0.         13.86411869 ...  1.45933015  1.98423655\n",
      "   1.21935784]\n",
      " ...\n",
      " [ 0.          0.          0.         ...  0.          0.\n",
      "   0.        ]\n",
      " [ 0.          0.          0.         ...  0.          0.\n",
      "   0.        ]\n",
      " [ 0.          0.          0.         ...  0.          0.\n",
      "   0.        ]]\n",
      "[[-3.87346756e-02 -8.90826762e-02 -1.76850734e-01 ...  2.89944663e-05\n",
      "   2.75382879e-05 -5.06846153e-06]\n",
      " [-3.87346756e-02 -1.29652272e-01  1.05469787e-01 ... -4.50091512e-05\n",
      "  -5.03427564e-06 -1.90273472e-05]\n",
      " [ 9.68366890e-02 -1.11992476e-01  1.29559770e-01 ...  1.12403963e-05\n",
      "   8.94864125e-05 -1.60300317e-05]\n",
      " ...\n",
      " [ 1.54938702e-01 -4.93652548e-02 -1.11888069e-01 ... -7.63295829e-05\n",
      "  -4.95631039e-05  5.55835442e-06]\n",
      " [-7.74693512e-02  2.46826274e-02  1.64136992e-01 ...  7.70196930e-06\n",
      "   2.96050484e-05 -4.40123466e-06]\n",
      " [ 1.74306040e-01 -1.56959901e-01  5.24865604e-02 ...  4.89457624e-05\n",
      "   4.92083071e-05 -9.68534752e-06]]\n",
      "[[51.63332257 15.70691096 -1.37508098 ...  4.99677315  1.20077494\n",
      "   6.56552751]\n",
      " [ 0.         24.64900073 -4.23345484 ...  3.17980567  1.62419906\n",
      "  -2.03988144]\n",
      " [ 0.          0.         13.86411869 ...  1.45933015  1.98423655\n",
      "   1.21935784]\n",
      " ...\n",
      " [ 0.          0.          0.         ...  0.          0.\n",
      "   0.        ]\n",
      " [ 0.          0.          0.         ...  0.          0.\n",
      "   0.        ]\n",
      " [ 0.          0.          0.         ...  0.          0.\n",
      "   0.        ]]\n",
      "[[-3.87346756e-02 -8.90826762e-02 -1.76850734e-01 ...  4.16927005e-06\n",
      "   2.11951342e-05 -3.28135872e-06]\n",
      " [-3.87346756e-02 -1.29652272e-01  1.05469787e-01 ...  1.04533049e-05\n",
      "   9.13708802e-06 -2.30199486e-05]\n",
      " [ 9.68366890e-02 -1.11992476e-01  1.29559770e-01 ...  2.21056642e-05\n",
      "   9.22626268e-05 -1.68121947e-05]\n",
      " ...\n",
      " [ 1.54938702e-01 -4.93652548e-02 -1.11888069e-01 ...  5.86829415e-06\n",
      "  -2.85604999e-05 -3.58861948e-07]\n",
      " [-7.74693512e-02  2.46826274e-02  1.64136992e-01 ...  1.38345080e-05\n",
      "   3.11719901e-05 -4.84270054e-06]\n",
      " [ 1.74306040e-01 -1.56959901e-01  5.24865604e-02 ... -8.08871459e-07\n",
      "   3.64953647e-05 -6.10363782e-06]]\n",
      "[[51.63332257 15.70691096 -1.37508098 ...  4.99677315  1.20077494\n",
      "   6.56552751]\n",
      " [ 0.         24.64900073 -4.23345484 ...  3.17980567  1.62419906\n",
      "  -2.03988144]\n",
      " [ 0.          0.         13.86411869 ...  1.45933015  1.98423655\n",
      "   1.21935784]\n",
      " ...\n",
      " [ 0.          0.          0.         ...  0.          0.\n",
      "   0.        ]\n",
      " [ 0.          0.          0.         ...  0.          0.\n",
      "   0.        ]\n",
      " [ 0.          0.          0.         ...  0.          0.\n",
      "   0.        ]]\n",
      "[[-3.87346756e-02 -8.90826762e-02 -1.76850734e-01 ...  5.58473924e-06\n",
      "   4.59387975e-06 -4.40684249e-06]\n",
      " [-3.87346756e-02 -1.29652272e-01  1.05469787e-01 ...  1.00954568e-05\n",
      "   1.33340909e-05 -2.27354123e-05]\n",
      " [ 9.68366890e-02 -1.11992476e-01  1.29559770e-01 ...  2.89544898e-05\n",
      "   1.19365432e-05 -2.22579099e-05]\n",
      " ...\n",
      " [ 1.54938702e-01 -4.93652548e-02 -1.11888069e-01 ...  3.70259936e-06\n",
      "  -3.16026478e-06  1.36314964e-06]\n",
      " [-7.74693512e-02  2.46826274e-02  1.64136992e-01 ...  1.62512174e-05\n",
      "   2.82774467e-06 -6.76430162e-06]\n",
      " [ 1.74306040e-01 -1.56959901e-01  5.24865604e-02 ...  1.97899107e-06\n",
      "   3.79806868e-06 -8.32035442e-06]]\n",
      "[[51.63332257 15.70691096 -1.37508098 ...  4.99677315  1.20077494\n",
      "   6.56552751]\n",
      " [ 0.         24.64900073 -4.23345484 ...  3.17980567  1.62419906\n",
      "  -2.03988144]\n",
      " [ 0.          0.         13.86411869 ...  1.45933015  1.98423655\n",
      "   1.21935784]\n",
      " ...\n",
      " [ 0.          0.          0.         ...  0.          0.\n",
      "   0.        ]\n",
      " [ 0.          0.          0.         ...  0.          0.\n",
      "   0.        ]\n",
      " [ 0.          0.          0.         ...  0.          0.\n",
      "   0.        ]]\n",
      "[[-3.87346756e-02 -8.90826762e-02 -1.76850734e-01 ... -7.34650940e-06\n",
      "  -5.15538380e-06  1.28556943e-05]\n",
      " [-3.87346756e-02 -1.29652272e-01  1.05469787e-01 ...  3.19249271e-06\n",
      "   8.12973535e-06 -1.35203184e-05]\n",
      " [ 9.68366890e-02 -1.11992476e-01  1.29559770e-01 ...  1.24028672e-05\n",
      "  -5.42230927e-07 -1.62364294e-07]\n",
      " ...\n",
      " [ 1.54938702e-01 -4.93652548e-02 -1.11888069e-01 ...  1.03404289e-05\n",
      "   1.84419777e-06 -7.49800364e-06]\n",
      " [-7.74693512e-02  2.46826274e-02  1.64136992e-01 ...  1.65986032e-05\n",
      "   3.08964949e-06 -7.22804346e-06]\n",
      " [ 1.74306040e-01 -1.56959901e-01  5.24865604e-02 ... -8.84835992e-06\n",
      "  -4.36500214e-06  6.13358966e-06]]\n",
      "[[51.63332257 15.70691096 -1.37508098 ...  4.99677315  1.20077494\n",
      "   6.56552751]\n",
      " [ 0.         24.64900073 -4.23345484 ...  3.17980567  1.62419906\n",
      "  -2.03988144]\n",
      " [ 0.          0.         13.86411869 ...  1.45933015  1.98423655\n",
      "   1.21935784]\n",
      " ...\n",
      " [ 0.          0.          0.         ...  0.          0.\n",
      "   0.        ]\n",
      " [ 0.          0.          0.         ...  0.          0.\n",
      "   0.        ]\n",
      " [ 0.          0.          0.         ...  0.          0.\n",
      "   0.        ]]\n",
      "[[-3.87346756e-02 -8.90826762e-02 -1.76850734e-01 ...  4.43251986e-06\n",
      "  -5.38692446e-07  4.75103150e-06]\n",
      " [-3.87346756e-02 -1.29652272e-01  1.05469787e-01 ... -6.43711727e-06\n",
      "   4.35549078e-06 -6.89458213e-06]\n",
      " [ 9.68366890e-02 -1.11992476e-01  1.29559770e-01 ...  4.71492998e-06\n",
      "  -3.55545319e-06  5.12738726e-06]\n",
      " ...\n",
      " [ 1.54938702e-01 -4.93652548e-02 -1.11888069e-01 ... -3.47930671e-07\n",
      "  -2.34501478e-06 -1.43785569e-07]\n",
      " [-7.74693512e-02  2.46826274e-02  1.64136992e-01 ...  2.45217348e-06\n",
      "  -2.45492456e-06  2.50552965e-06]\n",
      " [ 1.74306040e-01 -1.56959901e-01  5.24865604e-02 ...  5.02014772e-07\n",
      "  -7.00201496e-07 -3.00016372e-07]]\n",
      "[[51.63332257 15.70691096 -1.37508098 ...  4.99677315  1.20077494\n",
      "   6.56552751]\n",
      " [ 0.         24.64900073 -4.23345484 ...  3.17980567  1.62419906\n",
      "  -2.03988144]\n",
      " [ 0.          0.         13.86411869 ...  1.45933015  1.98423655\n",
      "   1.21935784]\n",
      " ...\n",
      " [ 0.          0.          0.         ...  0.          0.\n",
      "   0.        ]\n",
      " [ 0.          0.          0.         ...  0.          0.\n",
      "   0.        ]\n",
      " [ 0.          0.          0.         ...  0.          0.\n",
      "   0.        ]]\n",
      "[[-3.87346756e-02 -8.90826762e-02 -1.76850734e-01 ...  9.57978008e-07\n",
      "   8.21849922e-07  4.09037191e-07]\n",
      " [-3.87346756e-02 -1.29652272e-01  1.05469787e-01 ... -1.50165217e-06\n",
      "   2.42288796e-06 -7.26931169e-07]\n",
      " [ 9.68366890e-02 -1.11992476e-01  1.29559770e-01 ...  1.43179020e-06\n",
      "  -2.26985901e-06  1.02458037e-06]\n",
      " ...\n",
      " [ 1.54938702e-01 -4.93652548e-02 -1.11888069e-01 ... -4.18620232e-07\n",
      "  -2.31733455e-06 -2.32123452e-07]\n",
      " [-7.74693512e-02  2.46826274e-02  1.64136992e-01 ...  8.61473709e-07\n",
      "  -1.83204692e-06  5.17696537e-07]\n",
      " [ 1.74306040e-01 -1.56959901e-01  5.24865604e-02 ...  1.15337107e-06\n",
      "  -9.55256082e-07  5.13957223e-07]]\n",
      "[[51.63332257 15.70691096 -1.37508098 ...  4.99677315  1.20077494\n",
      "   6.56552751]\n",
      " [ 0.         24.64900073 -4.23345484 ...  3.17980567  1.62419906\n",
      "  -2.03988144]\n",
      " [ 0.          0.         13.86411869 ...  1.45933015  1.98423655\n",
      "   1.21935784]\n",
      " ...\n",
      " [ 0.          0.          0.         ...  0.          0.\n",
      "   0.        ]\n",
      " [ 0.          0.          0.         ...  0.          0.\n",
      "   0.        ]\n",
      " [ 0.          0.          0.         ...  0.          0.\n",
      "   0.        ]]\n",
      "[[-3.87346756e-02 -8.90826762e-02 -1.76850734e-01 ...  7.98398756e-07\n",
      "   1.38606645e-06  2.54091091e-07]\n",
      " [-3.87346756e-02 -1.29652272e-01  1.05469787e-01 ... -8.36291293e-07\n",
      "   7.04041551e-08 -8.08880777e-08]\n",
      " [ 9.68366890e-02 -1.11992476e-01  1.29559770e-01 ...  7.28710805e-07\n",
      "   2.15984289e-07  3.41913872e-07]\n",
      " ...\n",
      " [ 1.54938702e-01 -4.93652548e-02 -1.11888069e-01 ... -5.63998788e-07\n",
      "  -1.80332672e-06 -3.73281153e-07]\n",
      " [-7.74693512e-02  2.46826274e-02  1.64136992e-01 ...  5.38269451e-07\n",
      "  -6.89309492e-07  2.03876046e-07]\n",
      " [ 1.74306040e-01 -1.56959901e-01  5.24865604e-02 ...  6.86299334e-07\n",
      "   6.96146513e-07  6.04462423e-08]]\n",
      "[[51.63332257 15.70691096 -1.37508098 ...  4.99677315  1.20077494\n",
      "   6.56552751]\n",
      " [ 0.         24.64900073 -4.23345484 ...  3.17980567  1.62419906\n",
      "  -2.03988144]\n",
      " [ 0.          0.         13.86411869 ...  1.45933015  1.98423655\n",
      "   1.21935784]\n",
      " ...\n",
      " [ 0.          0.          0.         ...  0.          0.\n",
      "   0.        ]\n",
      " [ 0.          0.          0.         ...  0.          0.\n",
      "   0.        ]\n",
      " [ 0.          0.          0.         ...  0.          0.\n",
      "   0.        ]]\n",
      "[[-3.87346756e-02 -8.90826762e-02 -1.76850734e-01 ...  1.09630055e-07\n",
      "   5.69368877e-07  8.03817335e-08]\n",
      " [-3.87346756e-02 -1.29652272e-01  1.05469787e-01 ... -5.05226213e-08\n",
      "   1.00211805e-06  1.17284939e-07]\n",
      " [ 9.68366890e-02 -1.11992476e-01  1.29559770e-01 ...  4.93516151e-07\n",
      "  -6.28943857e-08  2.82597135e-07]\n",
      " ...\n",
      " [ 1.54938702e-01 -4.93652548e-02 -1.11888069e-01 ...  2.42992493e-08\n",
      "  -1.10576079e-06 -2.24910772e-07]\n",
      " [-7.74693512e-02  2.46826274e-02  1.64136992e-01 ...  4.69776607e-07\n",
      "  -7.70523896e-07  1.86601963e-07]\n",
      " [ 1.74306040e-01 -1.56959901e-01  5.24865604e-02 ... -1.14049143e-08\n",
      "  -1.31146256e-07 -1.15516685e-07]]\n",
      "[[51.63332257 15.70691096 -1.37508098 ...  4.99677315  1.20077494\n",
      "   6.56552751]\n",
      " [ 0.         24.64900073 -4.23345484 ...  3.17980567  1.62419906\n",
      "  -2.03988144]\n",
      " [ 0.          0.         13.86411869 ...  1.45933015  1.98423655\n",
      "   1.21935784]\n",
      " ...\n",
      " [ 0.          0.          0.         ...  0.          0.\n",
      "   0.        ]\n",
      " [ 0.          0.          0.         ...  0.          0.\n",
      "   0.        ]\n",
      " [ 0.          0.          0.         ...  0.          0.\n",
      "   0.        ]]\n",
      "[[-3.87346756e-02 -8.90826762e-02 -1.76850734e-01 ... -2.39074050e-08\n",
      "   7.66241298e-08 -6.13510476e-08]\n",
      " [-3.87346756e-02 -1.29652272e-01  1.05469787e-01 ... -3.05451744e-07\n",
      "   6.14457689e-08 -1.53289428e-07]\n",
      " [ 9.68366890e-02 -1.11992476e-01  1.29559770e-01 ...  5.28652571e-07\n",
      "   6.67567734e-08  3.19889911e-07]\n",
      " ...\n",
      " [ 1.54938702e-01 -4.93652548e-02 -1.11888069e-01 ...  3.38339279e-07\n",
      "   5.30269779e-08  1.08402194e-07]\n",
      " [-7.74693512e-02  2.46826274e-02  1.64136992e-01 ...  7.13337653e-07\n",
      "   1.28200899e-07  4.45110583e-07]\n",
      " [ 1.74306040e-01 -1.56959901e-01  5.24865604e-02 ...  2.65509185e-08\n",
      "   8.90835684e-09 -7.52314661e-08]]\n",
      "[[51.63332257 15.70691096 -1.37508098 ...  4.99677315  1.20077494\n",
      "   6.56552751]\n",
      " [ 0.         24.64900073 -4.23345484 ...  3.17980567  1.62419906\n",
      "  -2.03988144]\n",
      " [ 0.          0.         13.86411869 ...  1.45933015  1.98423655\n",
      "   1.21935784]\n",
      " ...\n",
      " [ 0.          0.          0.         ...  0.          0.\n",
      "   0.        ]\n",
      " [ 0.          0.          0.         ...  0.          0.\n",
      "   0.        ]\n",
      " [ 0.          0.          0.         ...  0.          0.\n",
      "   0.        ]]\n",
      "[[-3.87346756e-02 -8.90826762e-02 -1.76850734e-01 ... -7.76939900e-08\n",
      "   7.34721451e-08 -9.42726925e-08]\n",
      " [-3.87346756e-02 -1.29652272e-01  1.05469787e-01 ... -5.86638489e-08\n",
      "   7.59079563e-08 -2.23571377e-09]\n",
      " [ 9.68366890e-02 -1.11992476e-01  1.29559770e-01 ... -1.81981058e-07\n",
      "   2.51124428e-08 -1.15074086e-07]\n",
      " ...\n",
      " [ 1.54938702e-01 -4.93652548e-02 -1.11888069e-01 ...  1.21017895e-07\n",
      "   4.02915779e-08 -2.46156846e-08]\n",
      " [-7.74693512e-02  2.46826274e-02  1.64136992e-01 ...  1.70940422e-07\n",
      "   9.64155056e-08  1.13120570e-07]\n",
      " [ 1.74306040e-01 -1.56959901e-01  5.24865604e-02 ...  1.67077840e-07\n",
      "   1.71434717e-08  1.07821265e-08]]\n",
      "[[51.63332257 15.70691096 -1.37508098 ...  4.99677315  1.20077494\n",
      "   6.56552751]\n",
      " [ 0.         24.64900073 -4.23345484 ...  3.17980567  1.62419906\n",
      "  -2.03988144]\n",
      " [ 0.          0.         13.86411869 ...  1.45933015  1.98423655\n",
      "   1.21935784]\n",
      " ...\n",
      " [ 0.          0.          0.         ...  0.          0.\n",
      "   0.        ]\n",
      " [ 0.          0.          0.         ...  0.          0.\n",
      "   0.        ]\n",
      " [ 0.          0.          0.         ...  0.          0.\n",
      "   0.        ]]\n",
      "[[-3.87346756e-02 -8.90826762e-02 -1.76850734e-01 ...  6.57187831e-09\n",
      "   8.37083049e-08 -3.36227835e-08]\n",
      " [-3.87346756e-02 -1.29652272e-01  1.05469787e-01 ... -4.61065425e-08\n",
      "   7.74333496e-08  6.80234050e-09]\n",
      " [ 9.68366890e-02 -1.11992476e-01  1.29559770e-01 ... -9.86464514e-09\n",
      "   4.60202094e-08  8.80578350e-09]\n",
      " ...\n",
      " [ 1.54938702e-01 -4.93652548e-02 -1.11888069e-01 ...  6.46398982e-08\n",
      "   3.34430851e-08 -6.51934471e-08]\n",
      " [-7.74693512e-02  2.46826274e-02  1.64136992e-01 ...  7.27971052e-10\n",
      "   7.57390220e-08 -9.38893292e-09]\n",
      " [ 1.74306040e-01 -1.56959901e-01  5.24865604e-02 ...  6.63196029e-08\n",
      "   4.90390857e-09 -6.17380771e-08]]\n",
      "[[51.63332257 15.70691096 -1.37508098 ...  4.99677315  1.20077494\n",
      "   6.56552751]\n",
      " [ 0.         24.64900073 -4.23345484 ...  3.17980567  1.62419906\n",
      "  -2.03988144]\n",
      " [ 0.          0.         13.86411869 ...  1.45933015  1.98423655\n",
      "   1.21935784]\n",
      " ...\n",
      " [ 0.          0.          0.         ...  0.          0.\n",
      "   0.        ]\n",
      " [ 0.          0.          0.         ...  0.          0.\n",
      "   0.        ]\n",
